駅名    青森    筒井    東青森  小柳    矢田前  野内    浅虫温泉西平内  小湊    清水川  狩場沢  野辺地  千曳    乙供    上北町  小川原  三沢    向山    下田    陸奥市川八戸
青森           0     260     260     270     270     330     460     580     690     810     930   1,050   1,360   1,360   1,590   1,590   1,830   1,830   2,080   2,080   2,320
筒井         260       0     200     200     260     270     330     460     580     690     810   1,050   1,170   1,360   1,590   1,590   1,830   1,830   2,080   2,080   2,320
東青森       260     200       0     200     260     260     330     460     580     690     810     930   1,170   1,360   1,360   1,590   1,590   1,830   1,830   2,080   2,320
小柳         270     200     200       0     200     260     270     460     580     690     810     930   1,050   1,360   1,360   1,590   1,590   1,830   1,830   2,080   2,080
矢田前       270     260     260     200       0     200     270     330     460     580     690     930   1,050   1,170   1,360   1,360   1,590   1,830   1,830   1,830   2,080
野内         330     270     260     260     200       0     270     330     460     580     690     810   1,050   1,170   1,360   1,360   1,590   1,590   1,830   1,830   2,080
浅虫温泉     460     330     330     270     270     270       0     270     330     460     580     690     810   1,050   1,170   1,360   1,360   1,590   1,590   1,830   1,830
西平内       580     460     460     460     330     330     270       0     260     270     330     580     690     810   1,050   1,050   1,360   1,360   1,590   1,590   1,830
小湊         690     580     580     580     460     460     330     260       0     260     330     460     580     810     930   1,050   1,170   1,360   1,360   1,590   1,590
清水川       810     690     690     690     580     580     460     270     260       0     260     330     460     580     810     810   1,050   1,170   1,360   1,360   1,590
狩場沢       930     810     810     810     690     690     580     330     330     260       0     270     330     460     690     810     930   1,050   1,170   1,360   1,360
野辺地     1,050   1,050     930     930     930     810     690     580     460     330     270       0     270     330     460     580     810     930   1,050   1,050   1,360
千曳       1,360   1,170   1,170   1,050   1,050   1,050     810     690     580     460     330     270       0     270     330     460     580     690     810     930   1,050
乙供       1,360   1,360   1,360   1,360   1,170   1,170   1,050     810     810     580     460     330     270       0     270     330     460     580     690     810     930
上北町     1,590   1,590   1,360   1,360   1,360   1,360   1,170   1,050     930     810     690     460     330     270       0     260     330     460     580     580     810
小川原     1,590   1,590   1,590   1,590   1,360   1,360   1,360   1,050   1,050     810     810     580     460     330     260       0     270     330     460     580     690
三沢       1,830   1,830   1,590   1,590   1,590   1,590   1,360   1,360   1,170   1,050     930     810     580     460     330     270       0     260     270     330     580
向山       1,830   1,830   1,830   1,830   1,830   1,590   1,590   1,360   1,360   1,170   1,050     930     690     580     460     330     260       0     260     270     460
下田       2,080   2,080   1,830   1,830   1,830   1,830   1,590   1,590   1,360   1,360   1,170   1,050     810     690     580     460     270     260       0     260     330
陸奥市川   2,080   2,080   2,080   2,080   1,830   1,830   1,830   1,590   1,590   1,360   1,360   1,050     930     810     580     580     330     270     260       0     270
八戸       2,320   2,320   2,320   2,080   2,080   2,080   1,830   1,830   1,590   1,590   1,360   1,360   1,050     930     810     690     580     460     330     270       0
